test1: -197.39750536000068,84.9931370059502,4.6548087181020685,mobtest2
test3: -205.46068369431566,88.64123512171095,-1.9535914517438828,mobtest2
kenzai: -205.6571028283699,85.99274122661937,-1.460834622982333,mobtest2
