test1: -197.22412957820998,84.61813811185147,1.533877374848998,mobtest2
test2: -205.6753608392224,87.52121763393063,-1.4730833564256733,mobtest2
'1': -344.62817,83.33109,-82.942635,mobtest2
show: -393.0549814722319,63.77655482837453,-332.7456426317859,world
gacha4: 26.409178188786527,86.20000004768372,-137.48558246251014,main_copy
