test: 201.22656,10.57362,20.701025,world
test3: -57.000137,70.92701,-259.42905,world
event: -54.5,75,-263.5,world
test1: -139.45607671723343,63.04549189462368,-381.44279349390865,world
jikken: -129.48878391111887,70.40686074721215,-339.68492677273804,world
testa: -110.56985,72.17468,-315.3259,world
Test: 198.67215,93.64761,538.4117,world
